{
 "cells": [
  {
   "cell_type": "markdown",
   "metadata": {},
   "source": [
    "#### Read and store the data "
   ]
  },
  {
   "cell_type": "code",
   "execution_count": 15,
   "metadata": {},
   "outputs": [
    {
     "data": {
      "text/html": [
       "<div>\n",
       "<style scoped>\n",
       "    .dataframe tbody tr th:only-of-type {\n",
       "        vertical-align: middle;\n",
       "    }\n",
       "\n",
       "    .dataframe tbody tr th {\n",
       "        vertical-align: top;\n",
       "    }\n",
       "\n",
       "    .dataframe thead th {\n",
       "        text-align: right;\n",
       "    }\n",
       "</style>\n",
       "<table border=\"1\" class=\"dataframe\">\n",
       "  <thead>\n",
       "    <tr style=\"text-align: right;\">\n",
       "      <th></th>\n",
       "      <th>AAPL</th>\n",
       "      <th>BAC</th>\n",
       "      <th>BLK</th>\n",
       "      <th>CME</th>\n",
       "      <th>CMG</th>\n",
       "      <th>CRM</th>\n",
       "      <th>DXC</th>\n",
       "      <th>EA</th>\n",
       "      <th>FB</th>\n",
       "      <th>GD</th>\n",
       "      <th>...</th>\n",
       "      <th>INTC</th>\n",
       "      <th>JPM</th>\n",
       "      <th>KO</th>\n",
       "      <th>MCD</th>\n",
       "      <th>MSFT</th>\n",
       "      <th>NDAQ</th>\n",
       "      <th>NFLX</th>\n",
       "      <th>NOC</th>\n",
       "      <th>NVDA</th>\n",
       "      <th>QCOM</th>\n",
       "    </tr>\n",
       "  </thead>\n",
       "  <tbody>\n",
       "    <tr>\n",
       "      <th>AAPL</th>\n",
       "      <td>1.000000</td>\n",
       "      <td>0.572454</td>\n",
       "      <td>0.659689</td>\n",
       "      <td>0.523897</td>\n",
       "      <td>0.539498</td>\n",
       "      <td>0.654791</td>\n",
       "      <td>0.482381</td>\n",
       "      <td>0.625382</td>\n",
       "      <td>0.781505</td>\n",
       "      <td>0.508359</td>\n",
       "      <td>...</td>\n",
       "      <td>0.651658</td>\n",
       "      <td>0.548462</td>\n",
       "      <td>0.573764</td>\n",
       "      <td>0.623686</td>\n",
       "      <td>0.851952</td>\n",
       "      <td>0.682832</td>\n",
       "      <td>0.585628</td>\n",
       "      <td>0.492873</td>\n",
       "      <td>0.794235</td>\n",
       "      <td>0.724707</td>\n",
       "    </tr>\n",
       "    <tr>\n",
       "      <th>BAC</th>\n",
       "      <td>0.572454</td>\n",
       "      <td>1.000000</td>\n",
       "      <td>0.730905</td>\n",
       "      <td>0.640495</td>\n",
       "      <td>0.391696</td>\n",
       "      <td>0.468217</td>\n",
       "      <td>0.769840</td>\n",
       "      <td>0.249503</td>\n",
       "      <td>0.506637</td>\n",
       "      <td>0.798863</td>\n",
       "      <td>...</td>\n",
       "      <td>0.582122</td>\n",
       "      <td>0.952212</td>\n",
       "      <td>0.738461</td>\n",
       "      <td>0.687623</td>\n",
       "      <td>0.602375</td>\n",
       "      <td>0.626430</td>\n",
       "      <td>0.218719</td>\n",
       "      <td>0.571185</td>\n",
       "      <td>0.489811</td>\n",
       "      <td>0.557745</td>\n",
       "    </tr>\n",
       "    <tr>\n",
       "      <th>BLK</th>\n",
       "      <td>0.659689</td>\n",
       "      <td>0.730905</td>\n",
       "      <td>1.000000</td>\n",
       "      <td>0.687376</td>\n",
       "      <td>0.490243</td>\n",
       "      <td>0.564411</td>\n",
       "      <td>0.648106</td>\n",
       "      <td>0.446457</td>\n",
       "      <td>0.585247</td>\n",
       "      <td>0.734599</td>\n",
       "      <td>...</td>\n",
       "      <td>0.587038</td>\n",
       "      <td>0.731309</td>\n",
       "      <td>0.709765</td>\n",
       "      <td>0.741725</td>\n",
       "      <td>0.728468</td>\n",
       "      <td>0.779517</td>\n",
       "      <td>0.377627</td>\n",
       "      <td>0.608088</td>\n",
       "      <td>0.659320</td>\n",
       "      <td>0.605062</td>\n",
       "    </tr>\n",
       "    <tr>\n",
       "      <th>CME</th>\n",
       "      <td>0.523897</td>\n",
       "      <td>0.640495</td>\n",
       "      <td>0.687376</td>\n",
       "      <td>1.000000</td>\n",
       "      <td>0.423718</td>\n",
       "      <td>0.497582</td>\n",
       "      <td>0.549143</td>\n",
       "      <td>0.383439</td>\n",
       "      <td>0.472036</td>\n",
       "      <td>0.682738</td>\n",
       "      <td>...</td>\n",
       "      <td>0.504063</td>\n",
       "      <td>0.690732</td>\n",
       "      <td>0.636716</td>\n",
       "      <td>0.723694</td>\n",
       "      <td>0.592022</td>\n",
       "      <td>0.713213</td>\n",
       "      <td>0.292497</td>\n",
       "      <td>0.541656</td>\n",
       "      <td>0.514226</td>\n",
       "      <td>0.490267</td>\n",
       "    </tr>\n",
       "    <tr>\n",
       "      <th>CMG</th>\n",
       "      <td>0.539498</td>\n",
       "      <td>0.391696</td>\n",
       "      <td>0.490243</td>\n",
       "      <td>0.423718</td>\n",
       "      <td>1.000000</td>\n",
       "      <td>0.555967</td>\n",
       "      <td>0.513039</td>\n",
       "      <td>0.372914</td>\n",
       "      <td>0.614356</td>\n",
       "      <td>0.372594</td>\n",
       "      <td>...</td>\n",
       "      <td>0.408676</td>\n",
       "      <td>0.422982</td>\n",
       "      <td>0.341951</td>\n",
       "      <td>0.695556</td>\n",
       "      <td>0.588871</td>\n",
       "      <td>0.396391</td>\n",
       "      <td>0.390851</td>\n",
       "      <td>0.229199</td>\n",
       "      <td>0.632716</td>\n",
       "      <td>0.529459</td>\n",
       "    </tr>\n",
       "    <tr>\n",
       "      <th>CRM</th>\n",
       "      <td>0.654791</td>\n",
       "      <td>0.468217</td>\n",
       "      <td>0.564411</td>\n",
       "      <td>0.497582</td>\n",
       "      <td>0.555967</td>\n",
       "      <td>1.000000</td>\n",
       "      <td>0.489084</td>\n",
       "      <td>0.519924</td>\n",
       "      <td>0.699447</td>\n",
       "      <td>0.407463</td>\n",
       "      <td>...</td>\n",
       "      <td>0.531641</td>\n",
       "      <td>0.464509</td>\n",
       "      <td>0.455072</td>\n",
       "      <td>0.595569</td>\n",
       "      <td>0.753498</td>\n",
       "      <td>0.575139</td>\n",
       "      <td>0.592803</td>\n",
       "      <td>0.398521</td>\n",
       "      <td>0.672698</td>\n",
       "      <td>0.556376</td>\n",
       "    </tr>\n",
       "    <tr>\n",
       "      <th>DXC</th>\n",
       "      <td>0.482381</td>\n",
       "      <td>0.769840</td>\n",
       "      <td>0.648106</td>\n",
       "      <td>0.549143</td>\n",
       "      <td>0.513039</td>\n",
       "      <td>0.489084</td>\n",
       "      <td>1.000000</td>\n",
       "      <td>0.213788</td>\n",
       "      <td>0.525768</td>\n",
       "      <td>0.642217</td>\n",
       "      <td>...</td>\n",
       "      <td>0.464796</td>\n",
       "      <td>0.735960</td>\n",
       "      <td>0.529412</td>\n",
       "      <td>0.746310</td>\n",
       "      <td>0.516577</td>\n",
       "      <td>0.483832</td>\n",
       "      <td>0.228770</td>\n",
       "      <td>0.395409</td>\n",
       "      <td>0.493897</td>\n",
       "      <td>0.526016</td>\n",
       "    </tr>\n",
       "    <tr>\n",
       "      <th>EA</th>\n",
       "      <td>0.625382</td>\n",
       "      <td>0.249503</td>\n",
       "      <td>0.446457</td>\n",
       "      <td>0.383439</td>\n",
       "      <td>0.372914</td>\n",
       "      <td>0.519924</td>\n",
       "      <td>0.213788</td>\n",
       "      <td>1.000000</td>\n",
       "      <td>0.540714</td>\n",
       "      <td>0.274125</td>\n",
       "      <td>...</td>\n",
       "      <td>0.582225</td>\n",
       "      <td>0.271548</td>\n",
       "      <td>0.388621</td>\n",
       "      <td>0.312620</td>\n",
       "      <td>0.648028</td>\n",
       "      <td>0.450769</td>\n",
       "      <td>0.627294</td>\n",
       "      <td>0.366062</td>\n",
       "      <td>0.600338</td>\n",
       "      <td>0.582288</td>\n",
       "    </tr>\n",
       "    <tr>\n",
       "      <th>FB</th>\n",
       "      <td>0.781505</td>\n",
       "      <td>0.506637</td>\n",
       "      <td>0.585247</td>\n",
       "      <td>0.472036</td>\n",
       "      <td>0.614356</td>\n",
       "      <td>0.699447</td>\n",
       "      <td>0.525768</td>\n",
       "      <td>0.540714</td>\n",
       "      <td>1.000000</td>\n",
       "      <td>0.415375</td>\n",
       "      <td>...</td>\n",
       "      <td>0.561562</td>\n",
       "      <td>0.487093</td>\n",
       "      <td>0.443868</td>\n",
       "      <td>0.611991</td>\n",
       "      <td>0.776302</td>\n",
       "      <td>0.592984</td>\n",
       "      <td>0.589226</td>\n",
       "      <td>0.378925</td>\n",
       "      <td>0.714465</td>\n",
       "      <td>0.608831</td>\n",
       "    </tr>\n",
       "    <tr>\n",
       "      <th>GD</th>\n",
       "      <td>0.508359</td>\n",
       "      <td>0.798863</td>\n",
       "      <td>0.734599</td>\n",
       "      <td>0.682738</td>\n",
       "      <td>0.372594</td>\n",
       "      <td>0.407463</td>\n",
       "      <td>0.642217</td>\n",
       "      <td>0.274125</td>\n",
       "      <td>0.415375</td>\n",
       "      <td>1.000000</td>\n",
       "      <td>...</td>\n",
       "      <td>0.540783</td>\n",
       "      <td>0.818464</td>\n",
       "      <td>0.808071</td>\n",
       "      <td>0.674843</td>\n",
       "      <td>0.525079</td>\n",
       "      <td>0.675366</td>\n",
       "      <td>0.188384</td>\n",
       "      <td>0.720348</td>\n",
       "      <td>0.429785</td>\n",
       "      <td>0.507326</td>\n",
       "    </tr>\n",
       "    <tr>\n",
       "      <th>GOOG</th>\n",
       "      <td>0.764247</td>\n",
       "      <td>0.615397</td>\n",
       "      <td>0.690452</td>\n",
       "      <td>0.547121</td>\n",
       "      <td>0.604791</td>\n",
       "      <td>0.691477</td>\n",
       "      <td>0.570131</td>\n",
       "      <td>0.566633</td>\n",
       "      <td>0.808231</td>\n",
       "      <td>0.554647</td>\n",
       "      <td>...</td>\n",
       "      <td>0.665291</td>\n",
       "      <td>0.604423</td>\n",
       "      <td>0.625078</td>\n",
       "      <td>0.669130</td>\n",
       "      <td>0.861005</td>\n",
       "      <td>0.657219</td>\n",
       "      <td>0.547155</td>\n",
       "      <td>0.504484</td>\n",
       "      <td>0.767377</td>\n",
       "      <td>0.693275</td>\n",
       "    </tr>\n",
       "    <tr>\n",
       "      <th>GOOGL</th>\n",
       "      <td>0.764323</td>\n",
       "      <td>0.615749</td>\n",
       "      <td>0.696686</td>\n",
       "      <td>0.558688</td>\n",
       "      <td>0.603178</td>\n",
       "      <td>0.693814</td>\n",
       "      <td>0.570129</td>\n",
       "      <td>0.570070</td>\n",
       "      <td>0.803523</td>\n",
       "      <td>0.556433</td>\n",
       "      <td>...</td>\n",
       "      <td>0.675631</td>\n",
       "      <td>0.605359</td>\n",
       "      <td>0.626796</td>\n",
       "      <td>0.669463</td>\n",
       "      <td>0.866978</td>\n",
       "      <td>0.662004</td>\n",
       "      <td>0.544260</td>\n",
       "      <td>0.507864</td>\n",
       "      <td>0.773813</td>\n",
       "      <td>0.706571</td>\n",
       "    </tr>\n",
       "    <tr>\n",
       "      <th>GS</th>\n",
       "      <td>0.634347</td>\n",
       "      <td>0.884497</td>\n",
       "      <td>0.742280</td>\n",
       "      <td>0.661672</td>\n",
       "      <td>0.509748</td>\n",
       "      <td>0.522852</td>\n",
       "      <td>0.756992</td>\n",
       "      <td>0.365472</td>\n",
       "      <td>0.571789</td>\n",
       "      <td>0.778009</td>\n",
       "      <td>...</td>\n",
       "      <td>0.617072</td>\n",
       "      <td>0.889997</td>\n",
       "      <td>0.721296</td>\n",
       "      <td>0.730365</td>\n",
       "      <td>0.656673</td>\n",
       "      <td>0.647283</td>\n",
       "      <td>0.334564</td>\n",
       "      <td>0.539055</td>\n",
       "      <td>0.570556</td>\n",
       "      <td>0.644965</td>\n",
       "    </tr>\n",
       "    <tr>\n",
       "      <th>HPE</th>\n",
       "      <td>0.507724</td>\n",
       "      <td>0.758018</td>\n",
       "      <td>0.645072</td>\n",
       "      <td>0.566671</td>\n",
       "      <td>0.356014</td>\n",
       "      <td>0.435362</td>\n",
       "      <td>0.730235</td>\n",
       "      <td>0.174475</td>\n",
       "      <td>0.467803</td>\n",
       "      <td>0.718583</td>\n",
       "      <td>...</td>\n",
       "      <td>0.495877</td>\n",
       "      <td>0.724774</td>\n",
       "      <td>0.621660</td>\n",
       "      <td>0.680233</td>\n",
       "      <td>0.527671</td>\n",
       "      <td>0.540339</td>\n",
       "      <td>0.211715</td>\n",
       "      <td>0.529225</td>\n",
       "      <td>0.437412</td>\n",
       "      <td>0.524930</td>\n",
       "    </tr>\n",
       "    <tr>\n",
       "      <th>IBM</th>\n",
       "      <td>0.585609</td>\n",
       "      <td>0.764483</td>\n",
       "      <td>0.692495</td>\n",
       "      <td>0.588309</td>\n",
       "      <td>0.406320</td>\n",
       "      <td>0.508621</td>\n",
       "      <td>0.674460</td>\n",
       "      <td>0.392848</td>\n",
       "      <td>0.510183</td>\n",
       "      <td>0.758464</td>\n",
       "      <td>...</td>\n",
       "      <td>0.655855</td>\n",
       "      <td>0.750964</td>\n",
       "      <td>0.772638</td>\n",
       "      <td>0.673182</td>\n",
       "      <td>0.650423</td>\n",
       "      <td>0.665511</td>\n",
       "      <td>0.315638</td>\n",
       "      <td>0.649739</td>\n",
       "      <td>0.563588</td>\n",
       "      <td>0.600958</td>\n",
       "    </tr>\n",
       "    <tr>\n",
       "      <th>INTC</th>\n",
       "      <td>0.651658</td>\n",
       "      <td>0.582122</td>\n",
       "      <td>0.587038</td>\n",
       "      <td>0.504063</td>\n",
       "      <td>0.408676</td>\n",
       "      <td>0.531641</td>\n",
       "      <td>0.464796</td>\n",
       "      <td>0.582225</td>\n",
       "      <td>0.561562</td>\n",
       "      <td>0.540783</td>\n",
       "      <td>...</td>\n",
       "      <td>1.000000</td>\n",
       "      <td>0.579547</td>\n",
       "      <td>0.573722</td>\n",
       "      <td>0.542154</td>\n",
       "      <td>0.733859</td>\n",
       "      <td>0.561076</td>\n",
       "      <td>0.473982</td>\n",
       "      <td>0.537017</td>\n",
       "      <td>0.670339</td>\n",
       "      <td>0.669142</td>\n",
       "    </tr>\n",
       "    <tr>\n",
       "      <th>JPM</th>\n",
       "      <td>0.548462</td>\n",
       "      <td>0.952212</td>\n",
       "      <td>0.731309</td>\n",
       "      <td>0.690732</td>\n",
       "      <td>0.422982</td>\n",
       "      <td>0.464509</td>\n",
       "      <td>0.735960</td>\n",
       "      <td>0.271548</td>\n",
       "      <td>0.487093</td>\n",
       "      <td>0.818464</td>\n",
       "      <td>...</td>\n",
       "      <td>0.579547</td>\n",
       "      <td>1.000000</td>\n",
       "      <td>0.746757</td>\n",
       "      <td>0.697029</td>\n",
       "      <td>0.596867</td>\n",
       "      <td>0.620416</td>\n",
       "      <td>0.214847</td>\n",
       "      <td>0.569436</td>\n",
       "      <td>0.469448</td>\n",
       "      <td>0.548291</td>\n",
       "    </tr>\n",
       "    <tr>\n",
       "      <th>KO</th>\n",
       "      <td>0.573764</td>\n",
       "      <td>0.738461</td>\n",
       "      <td>0.709765</td>\n",
       "      <td>0.636716</td>\n",
       "      <td>0.341951</td>\n",
       "      <td>0.455072</td>\n",
       "      <td>0.529412</td>\n",
       "      <td>0.388621</td>\n",
       "      <td>0.443868</td>\n",
       "      <td>0.808071</td>\n",
       "      <td>...</td>\n",
       "      <td>0.573722</td>\n",
       "      <td>0.746757</td>\n",
       "      <td>1.000000</td>\n",
       "      <td>0.618997</td>\n",
       "      <td>0.599973</td>\n",
       "      <td>0.728913</td>\n",
       "      <td>0.223783</td>\n",
       "      <td>0.673639</td>\n",
       "      <td>0.484287</td>\n",
       "      <td>0.523418</td>\n",
       "    </tr>\n",
       "    <tr>\n",
       "      <th>MCD</th>\n",
       "      <td>0.623686</td>\n",
       "      <td>0.687623</td>\n",
       "      <td>0.741725</td>\n",
       "      <td>0.723694</td>\n",
       "      <td>0.695556</td>\n",
       "      <td>0.595569</td>\n",
       "      <td>0.746310</td>\n",
       "      <td>0.312620</td>\n",
       "      <td>0.611991</td>\n",
       "      <td>0.674843</td>\n",
       "      <td>...</td>\n",
       "      <td>0.542154</td>\n",
       "      <td>0.697029</td>\n",
       "      <td>0.618997</td>\n",
       "      <td>1.000000</td>\n",
       "      <td>0.671626</td>\n",
       "      <td>0.677401</td>\n",
       "      <td>0.323359</td>\n",
       "      <td>0.509907</td>\n",
       "      <td>0.642779</td>\n",
       "      <td>0.590204</td>\n",
       "    </tr>\n",
       "    <tr>\n",
       "      <th>MSFT</th>\n",
       "      <td>0.851952</td>\n",
       "      <td>0.602375</td>\n",
       "      <td>0.728468</td>\n",
       "      <td>0.592022</td>\n",
       "      <td>0.588871</td>\n",
       "      <td>0.753498</td>\n",
       "      <td>0.516577</td>\n",
       "      <td>0.648028</td>\n",
       "      <td>0.776302</td>\n",
       "      <td>0.525079</td>\n",
       "      <td>...</td>\n",
       "      <td>0.733859</td>\n",
       "      <td>0.596867</td>\n",
       "      <td>0.599973</td>\n",
       "      <td>0.671626</td>\n",
       "      <td>1.000000</td>\n",
       "      <td>0.730574</td>\n",
       "      <td>0.611748</td>\n",
       "      <td>0.528735</td>\n",
       "      <td>0.854152</td>\n",
       "      <td>0.758838</td>\n",
       "    </tr>\n",
       "    <tr>\n",
       "      <th>NDAQ</th>\n",
       "      <td>0.682832</td>\n",
       "      <td>0.626430</td>\n",
       "      <td>0.779517</td>\n",
       "      <td>0.713213</td>\n",
       "      <td>0.396391</td>\n",
       "      <td>0.575139</td>\n",
       "      <td>0.483832</td>\n",
       "      <td>0.450769</td>\n",
       "      <td>0.592984</td>\n",
       "      <td>0.675366</td>\n",
       "      <td>...</td>\n",
       "      <td>0.561076</td>\n",
       "      <td>0.620416</td>\n",
       "      <td>0.728913</td>\n",
       "      <td>0.677401</td>\n",
       "      <td>0.730574</td>\n",
       "      <td>1.000000</td>\n",
       "      <td>0.354927</td>\n",
       "      <td>0.634217</td>\n",
       "      <td>0.637059</td>\n",
       "      <td>0.539938</td>\n",
       "    </tr>\n",
       "    <tr>\n",
       "      <th>NFLX</th>\n",
       "      <td>0.585628</td>\n",
       "      <td>0.218719</td>\n",
       "      <td>0.377627</td>\n",
       "      <td>0.292497</td>\n",
       "      <td>0.390851</td>\n",
       "      <td>0.592803</td>\n",
       "      <td>0.228770</td>\n",
       "      <td>0.627294</td>\n",
       "      <td>0.589226</td>\n",
       "      <td>0.188384</td>\n",
       "      <td>...</td>\n",
       "      <td>0.473982</td>\n",
       "      <td>0.214847</td>\n",
       "      <td>0.223783</td>\n",
       "      <td>0.323359</td>\n",
       "      <td>0.611748</td>\n",
       "      <td>0.354927</td>\n",
       "      <td>1.000000</td>\n",
       "      <td>0.244250</td>\n",
       "      <td>0.588343</td>\n",
       "      <td>0.500832</td>\n",
       "    </tr>\n",
       "    <tr>\n",
       "      <th>NOC</th>\n",
       "      <td>0.492873</td>\n",
       "      <td>0.571185</td>\n",
       "      <td>0.608088</td>\n",
       "      <td>0.541656</td>\n",
       "      <td>0.229199</td>\n",
       "      <td>0.398521</td>\n",
       "      <td>0.395409</td>\n",
       "      <td>0.366062</td>\n",
       "      <td>0.378925</td>\n",
       "      <td>0.720348</td>\n",
       "      <td>...</td>\n",
       "      <td>0.537017</td>\n",
       "      <td>0.569436</td>\n",
       "      <td>0.673639</td>\n",
       "      <td>0.509907</td>\n",
       "      <td>0.528735</td>\n",
       "      <td>0.634217</td>\n",
       "      <td>0.244250</td>\n",
       "      <td>1.000000</td>\n",
       "      <td>0.422599</td>\n",
       "      <td>0.447439</td>\n",
       "    </tr>\n",
       "    <tr>\n",
       "      <th>NVDA</th>\n",
       "      <td>0.794235</td>\n",
       "      <td>0.489811</td>\n",
       "      <td>0.659320</td>\n",
       "      <td>0.514226</td>\n",
       "      <td>0.632716</td>\n",
       "      <td>0.672698</td>\n",
       "      <td>0.493897</td>\n",
       "      <td>0.600338</td>\n",
       "      <td>0.714465</td>\n",
       "      <td>0.429785</td>\n",
       "      <td>...</td>\n",
       "      <td>0.670339</td>\n",
       "      <td>0.469448</td>\n",
       "      <td>0.484287</td>\n",
       "      <td>0.642779</td>\n",
       "      <td>0.854152</td>\n",
       "      <td>0.637059</td>\n",
       "      <td>0.588343</td>\n",
       "      <td>0.422599</td>\n",
       "      <td>1.000000</td>\n",
       "      <td>0.729443</td>\n",
       "    </tr>\n",
       "    <tr>\n",
       "      <th>QCOM</th>\n",
       "      <td>0.724707</td>\n",
       "      <td>0.557745</td>\n",
       "      <td>0.605062</td>\n",
       "      <td>0.490267</td>\n",
       "      <td>0.529459</td>\n",
       "      <td>0.556376</td>\n",
       "      <td>0.526016</td>\n",
       "      <td>0.582288</td>\n",
       "      <td>0.608831</td>\n",
       "      <td>0.507326</td>\n",
       "      <td>...</td>\n",
       "      <td>0.669142</td>\n",
       "      <td>0.548291</td>\n",
       "      <td>0.523418</td>\n",
       "      <td>0.590204</td>\n",
       "      <td>0.758838</td>\n",
       "      <td>0.539938</td>\n",
       "      <td>0.500832</td>\n",
       "      <td>0.447439</td>\n",
       "      <td>0.729443</td>\n",
       "      <td>1.000000</td>\n",
       "    </tr>\n",
       "  </tbody>\n",
       "</table>\n",
       "<p>25 rows × 25 columns</p>\n",
       "</div>"
      ],
      "text/plain": [
       "           AAPL       BAC       BLK       CME       CMG       CRM       DXC  \\\n",
       "AAPL   1.000000  0.572454  0.659689  0.523897  0.539498  0.654791  0.482381   \n",
       "BAC    0.572454  1.000000  0.730905  0.640495  0.391696  0.468217  0.769840   \n",
       "BLK    0.659689  0.730905  1.000000  0.687376  0.490243  0.564411  0.648106   \n",
       "CME    0.523897  0.640495  0.687376  1.000000  0.423718  0.497582  0.549143   \n",
       "CMG    0.539498  0.391696  0.490243  0.423718  1.000000  0.555967  0.513039   \n",
       "CRM    0.654791  0.468217  0.564411  0.497582  0.555967  1.000000  0.489084   \n",
       "DXC    0.482381  0.769840  0.648106  0.549143  0.513039  0.489084  1.000000   \n",
       "EA     0.625382  0.249503  0.446457  0.383439  0.372914  0.519924  0.213788   \n",
       "FB     0.781505  0.506637  0.585247  0.472036  0.614356  0.699447  0.525768   \n",
       "GD     0.508359  0.798863  0.734599  0.682738  0.372594  0.407463  0.642217   \n",
       "GOOG   0.764247  0.615397  0.690452  0.547121  0.604791  0.691477  0.570131   \n",
       "GOOGL  0.764323  0.615749  0.696686  0.558688  0.603178  0.693814  0.570129   \n",
       "GS     0.634347  0.884497  0.742280  0.661672  0.509748  0.522852  0.756992   \n",
       "HPE    0.507724  0.758018  0.645072  0.566671  0.356014  0.435362  0.730235   \n",
       "IBM    0.585609  0.764483  0.692495  0.588309  0.406320  0.508621  0.674460   \n",
       "INTC   0.651658  0.582122  0.587038  0.504063  0.408676  0.531641  0.464796   \n",
       "JPM    0.548462  0.952212  0.731309  0.690732  0.422982  0.464509  0.735960   \n",
       "KO     0.573764  0.738461  0.709765  0.636716  0.341951  0.455072  0.529412   \n",
       "MCD    0.623686  0.687623  0.741725  0.723694  0.695556  0.595569  0.746310   \n",
       "MSFT   0.851952  0.602375  0.728468  0.592022  0.588871  0.753498  0.516577   \n",
       "NDAQ   0.682832  0.626430  0.779517  0.713213  0.396391  0.575139  0.483832   \n",
       "NFLX   0.585628  0.218719  0.377627  0.292497  0.390851  0.592803  0.228770   \n",
       "NOC    0.492873  0.571185  0.608088  0.541656  0.229199  0.398521  0.395409   \n",
       "NVDA   0.794235  0.489811  0.659320  0.514226  0.632716  0.672698  0.493897   \n",
       "QCOM   0.724707  0.557745  0.605062  0.490267  0.529459  0.556376  0.526016   \n",
       "\n",
       "             EA        FB        GD  ...      INTC       JPM        KO  \\\n",
       "AAPL   0.625382  0.781505  0.508359  ...  0.651658  0.548462  0.573764   \n",
       "BAC    0.249503  0.506637  0.798863  ...  0.582122  0.952212  0.738461   \n",
       "BLK    0.446457  0.585247  0.734599  ...  0.587038  0.731309  0.709765   \n",
       "CME    0.383439  0.472036  0.682738  ...  0.504063  0.690732  0.636716   \n",
       "CMG    0.372914  0.614356  0.372594  ...  0.408676  0.422982  0.341951   \n",
       "CRM    0.519924  0.699447  0.407463  ...  0.531641  0.464509  0.455072   \n",
       "DXC    0.213788  0.525768  0.642217  ...  0.464796  0.735960  0.529412   \n",
       "EA     1.000000  0.540714  0.274125  ...  0.582225  0.271548  0.388621   \n",
       "FB     0.540714  1.000000  0.415375  ...  0.561562  0.487093  0.443868   \n",
       "GD     0.274125  0.415375  1.000000  ...  0.540783  0.818464  0.808071   \n",
       "GOOG   0.566633  0.808231  0.554647  ...  0.665291  0.604423  0.625078   \n",
       "GOOGL  0.570070  0.803523  0.556433  ...  0.675631  0.605359  0.626796   \n",
       "GS     0.365472  0.571789  0.778009  ...  0.617072  0.889997  0.721296   \n",
       "HPE    0.174475  0.467803  0.718583  ...  0.495877  0.724774  0.621660   \n",
       "IBM    0.392848  0.510183  0.758464  ...  0.655855  0.750964  0.772638   \n",
       "INTC   0.582225  0.561562  0.540783  ...  1.000000  0.579547  0.573722   \n",
       "JPM    0.271548  0.487093  0.818464  ...  0.579547  1.000000  0.746757   \n",
       "KO     0.388621  0.443868  0.808071  ...  0.573722  0.746757  1.000000   \n",
       "MCD    0.312620  0.611991  0.674843  ...  0.542154  0.697029  0.618997   \n",
       "MSFT   0.648028  0.776302  0.525079  ...  0.733859  0.596867  0.599973   \n",
       "NDAQ   0.450769  0.592984  0.675366  ...  0.561076  0.620416  0.728913   \n",
       "NFLX   0.627294  0.589226  0.188384  ...  0.473982  0.214847  0.223783   \n",
       "NOC    0.366062  0.378925  0.720348  ...  0.537017  0.569436  0.673639   \n",
       "NVDA   0.600338  0.714465  0.429785  ...  0.670339  0.469448  0.484287   \n",
       "QCOM   0.582288  0.608831  0.507326  ...  0.669142  0.548291  0.523418   \n",
       "\n",
       "            MCD      MSFT      NDAQ      NFLX       NOC      NVDA      QCOM  \n",
       "AAPL   0.623686  0.851952  0.682832  0.585628  0.492873  0.794235  0.724707  \n",
       "BAC    0.687623  0.602375  0.626430  0.218719  0.571185  0.489811  0.557745  \n",
       "BLK    0.741725  0.728468  0.779517  0.377627  0.608088  0.659320  0.605062  \n",
       "CME    0.723694  0.592022  0.713213  0.292497  0.541656  0.514226  0.490267  \n",
       "CMG    0.695556  0.588871  0.396391  0.390851  0.229199  0.632716  0.529459  \n",
       "CRM    0.595569  0.753498  0.575139  0.592803  0.398521  0.672698  0.556376  \n",
       "DXC    0.746310  0.516577  0.483832  0.228770  0.395409  0.493897  0.526016  \n",
       "EA     0.312620  0.648028  0.450769  0.627294  0.366062  0.600338  0.582288  \n",
       "FB     0.611991  0.776302  0.592984  0.589226  0.378925  0.714465  0.608831  \n",
       "GD     0.674843  0.525079  0.675366  0.188384  0.720348  0.429785  0.507326  \n",
       "GOOG   0.669130  0.861005  0.657219  0.547155  0.504484  0.767377  0.693275  \n",
       "GOOGL  0.669463  0.866978  0.662004  0.544260  0.507864  0.773813  0.706571  \n",
       "GS     0.730365  0.656673  0.647283  0.334564  0.539055  0.570556  0.644965  \n",
       "HPE    0.680233  0.527671  0.540339  0.211715  0.529225  0.437412  0.524930  \n",
       "IBM    0.673182  0.650423  0.665511  0.315638  0.649739  0.563588  0.600958  \n",
       "INTC   0.542154  0.733859  0.561076  0.473982  0.537017  0.670339  0.669142  \n",
       "JPM    0.697029  0.596867  0.620416  0.214847  0.569436  0.469448  0.548291  \n",
       "KO     0.618997  0.599973  0.728913  0.223783  0.673639  0.484287  0.523418  \n",
       "MCD    1.000000  0.671626  0.677401  0.323359  0.509907  0.642779  0.590204  \n",
       "MSFT   0.671626  1.000000  0.730574  0.611748  0.528735  0.854152  0.758838  \n",
       "NDAQ   0.677401  0.730574  1.000000  0.354927  0.634217  0.637059  0.539938  \n",
       "NFLX   0.323359  0.611748  0.354927  1.000000  0.244250  0.588343  0.500832  \n",
       "NOC    0.509907  0.528735  0.634217  0.244250  1.000000  0.422599  0.447439  \n",
       "NVDA   0.642779  0.854152  0.637059  0.588343  0.422599  1.000000  0.729443  \n",
       "QCOM   0.590204  0.758838  0.539938  0.500832  0.447439  0.729443  1.000000  \n",
       "\n",
       "[25 rows x 25 columns]"
      ]
     },
     "execution_count": 15,
     "metadata": {},
     "output_type": "execute_result"
    }
   ],
   "source": [
    "# Read and store the data\n",
    "import pandas as pd\n",
    "correl_log_data = pd.read_csv('mtx_correl_log_ret.csv', header=0, index_col=0)\n",
    "\n",
    "correl_log_data"
   ]
  },
  {
   "cell_type": "code",
   "execution_count": 16,
   "metadata": {},
   "outputs": [
    {
     "data": {
      "text/html": [
       "<div>\n",
       "<style scoped>\n",
       "    .dataframe tbody tr th:only-of-type {\n",
       "        vertical-align: middle;\n",
       "    }\n",
       "\n",
       "    .dataframe tbody tr th {\n",
       "        vertical-align: top;\n",
       "    }\n",
       "\n",
       "    .dataframe thead th {\n",
       "        text-align: right;\n",
       "    }\n",
       "</style>\n",
       "<table border=\"1\" class=\"dataframe\">\n",
       "  <thead>\n",
       "    <tr style=\"text-align: right;\">\n",
       "      <th></th>\n",
       "      <th>AAPL</th>\n",
       "      <th>BAC</th>\n",
       "      <th>BLK</th>\n",
       "      <th>CME</th>\n",
       "      <th>CMG</th>\n",
       "      <th>CRM</th>\n",
       "      <th>DXC</th>\n",
       "      <th>EA</th>\n",
       "      <th>FB</th>\n",
       "      <th>GD</th>\n",
       "      <th>...</th>\n",
       "      <th>INTC</th>\n",
       "      <th>JPM</th>\n",
       "      <th>KO</th>\n",
       "      <th>MCD</th>\n",
       "      <th>MSFT</th>\n",
       "      <th>NDAQ</th>\n",
       "      <th>NFLX</th>\n",
       "      <th>NOC</th>\n",
       "      <th>NVDA</th>\n",
       "      <th>QCOM</th>\n",
       "    </tr>\n",
       "  </thead>\n",
       "  <tbody>\n",
       "    <tr>\n",
       "      <th>AAPL</th>\n",
       "      <td>1.000000</td>\n",
       "      <td>0.541264</td>\n",
       "      <td>0.607364</td>\n",
       "      <td>0.499469</td>\n",
       "      <td>0.491600</td>\n",
       "      <td>0.483016</td>\n",
       "      <td>0.437294</td>\n",
       "      <td>0.534380</td>\n",
       "      <td>0.698198</td>\n",
       "      <td>0.511934</td>\n",
       "      <td>...</td>\n",
       "      <td>0.562857</td>\n",
       "      <td>0.533298</td>\n",
       "      <td>0.534069</td>\n",
       "      <td>0.603755</td>\n",
       "      <td>0.800117</td>\n",
       "      <td>0.605222</td>\n",
       "      <td>0.413455</td>\n",
       "      <td>0.489957</td>\n",
       "      <td>0.705845</td>\n",
       "      <td>0.615453</td>\n",
       "    </tr>\n",
       "    <tr>\n",
       "      <th>BAC</th>\n",
       "      <td>0.541264</td>\n",
       "      <td>1.000000</td>\n",
       "      <td>0.717719</td>\n",
       "      <td>0.668873</td>\n",
       "      <td>0.521067</td>\n",
       "      <td>0.463109</td>\n",
       "      <td>0.705050</td>\n",
       "      <td>0.470739</td>\n",
       "      <td>0.535963</td>\n",
       "      <td>0.738944</td>\n",
       "      <td>...</td>\n",
       "      <td>0.579880</td>\n",
       "      <td>0.927649</td>\n",
       "      <td>0.669591</td>\n",
       "      <td>0.665761</td>\n",
       "      <td>0.618500</td>\n",
       "      <td>0.662625</td>\n",
       "      <td>0.428937</td>\n",
       "      <td>0.590639</td>\n",
       "      <td>0.605223</td>\n",
       "      <td>0.505348</td>\n",
       "    </tr>\n",
       "    <tr>\n",
       "      <th>BLK</th>\n",
       "      <td>0.607364</td>\n",
       "      <td>0.717719</td>\n",
       "      <td>1.000000</td>\n",
       "      <td>0.687603</td>\n",
       "      <td>0.593995</td>\n",
       "      <td>0.482841</td>\n",
       "      <td>0.646175</td>\n",
       "      <td>0.580423</td>\n",
       "      <td>0.518455</td>\n",
       "      <td>0.665799</td>\n",
       "      <td>...</td>\n",
       "      <td>0.618099</td>\n",
       "      <td>0.686113</td>\n",
       "      <td>0.728064</td>\n",
       "      <td>0.751748</td>\n",
       "      <td>0.677105</td>\n",
       "      <td>0.788663</td>\n",
       "      <td>0.418311</td>\n",
       "      <td>0.673806</td>\n",
       "      <td>0.660204</td>\n",
       "      <td>0.570656</td>\n",
       "    </tr>\n",
       "    <tr>\n",
       "      <th>CME</th>\n",
       "      <td>0.499469</td>\n",
       "      <td>0.668873</td>\n",
       "      <td>0.687603</td>\n",
       "      <td>1.000000</td>\n",
       "      <td>0.572770</td>\n",
       "      <td>0.454018</td>\n",
       "      <td>0.614455</td>\n",
       "      <td>0.603020</td>\n",
       "      <td>0.497988</td>\n",
       "      <td>0.741050</td>\n",
       "      <td>...</td>\n",
       "      <td>0.591013</td>\n",
       "      <td>0.703557</td>\n",
       "      <td>0.671839</td>\n",
       "      <td>0.756477</td>\n",
       "      <td>0.619841</td>\n",
       "      <td>0.754962</td>\n",
       "      <td>0.459521</td>\n",
       "      <td>0.651668</td>\n",
       "      <td>0.648262</td>\n",
       "      <td>0.590259</td>\n",
       "    </tr>\n",
       "    <tr>\n",
       "      <th>CMG</th>\n",
       "      <td>0.491600</td>\n",
       "      <td>0.521067</td>\n",
       "      <td>0.593995</td>\n",
       "      <td>0.572770</td>\n",
       "      <td>1.000000</td>\n",
       "      <td>0.447139</td>\n",
       "      <td>0.563548</td>\n",
       "      <td>0.354689</td>\n",
       "      <td>0.463339</td>\n",
       "      <td>0.505871</td>\n",
       "      <td>...</td>\n",
       "      <td>0.481553</td>\n",
       "      <td>0.543979</td>\n",
       "      <td>0.573892</td>\n",
       "      <td>0.721683</td>\n",
       "      <td>0.540460</td>\n",
       "      <td>0.561768</td>\n",
       "      <td>0.321018</td>\n",
       "      <td>0.522618</td>\n",
       "      <td>0.620696</td>\n",
       "      <td>0.507357</td>\n",
       "    </tr>\n",
       "    <tr>\n",
       "      <th>CRM</th>\n",
       "      <td>0.483016</td>\n",
       "      <td>0.463109</td>\n",
       "      <td>0.482841</td>\n",
       "      <td>0.454018</td>\n",
       "      <td>0.447139</td>\n",
       "      <td>1.000000</td>\n",
       "      <td>0.469684</td>\n",
       "      <td>0.384554</td>\n",
       "      <td>0.610089</td>\n",
       "      <td>0.409045</td>\n",
       "      <td>...</td>\n",
       "      <td>0.433936</td>\n",
       "      <td>0.464901</td>\n",
       "      <td>0.413143</td>\n",
       "      <td>0.534725</td>\n",
       "      <td>0.622559</td>\n",
       "      <td>0.495086</td>\n",
       "      <td>0.493624</td>\n",
       "      <td>0.435893</td>\n",
       "      <td>0.536527</td>\n",
       "      <td>0.390865</td>\n",
       "    </tr>\n",
       "    <tr>\n",
       "      <th>DXC</th>\n",
       "      <td>0.437294</td>\n",
       "      <td>0.705050</td>\n",
       "      <td>0.646175</td>\n",
       "      <td>0.614455</td>\n",
       "      <td>0.563548</td>\n",
       "      <td>0.469684</td>\n",
       "      <td>1.000000</td>\n",
       "      <td>0.376465</td>\n",
       "      <td>0.479416</td>\n",
       "      <td>0.608673</td>\n",
       "      <td>...</td>\n",
       "      <td>0.494454</td>\n",
       "      <td>0.666505</td>\n",
       "      <td>0.605743</td>\n",
       "      <td>0.750251</td>\n",
       "      <td>0.512170</td>\n",
       "      <td>0.608882</td>\n",
       "      <td>0.304985</td>\n",
       "      <td>0.567950</td>\n",
       "      <td>0.596960</td>\n",
       "      <td>0.469771</td>\n",
       "    </tr>\n",
       "    <tr>\n",
       "      <th>EA</th>\n",
       "      <td>0.534380</td>\n",
       "      <td>0.470739</td>\n",
       "      <td>0.580423</td>\n",
       "      <td>0.603020</td>\n",
       "      <td>0.354689</td>\n",
       "      <td>0.384554</td>\n",
       "      <td>0.376465</td>\n",
       "      <td>1.000000</td>\n",
       "      <td>0.385773</td>\n",
       "      <td>0.564575</td>\n",
       "      <td>...</td>\n",
       "      <td>0.498328</td>\n",
       "      <td>0.506584</td>\n",
       "      <td>0.508353</td>\n",
       "      <td>0.475457</td>\n",
       "      <td>0.578952</td>\n",
       "      <td>0.603174</td>\n",
       "      <td>0.481842</td>\n",
       "      <td>0.551739</td>\n",
       "      <td>0.511958</td>\n",
       "      <td>0.508080</td>\n",
       "    </tr>\n",
       "    <tr>\n",
       "      <th>FB</th>\n",
       "      <td>0.698198</td>\n",
       "      <td>0.535963</td>\n",
       "      <td>0.518455</td>\n",
       "      <td>0.497988</td>\n",
       "      <td>0.463339</td>\n",
       "      <td>0.610089</td>\n",
       "      <td>0.479416</td>\n",
       "      <td>0.385773</td>\n",
       "      <td>1.000000</td>\n",
       "      <td>0.420771</td>\n",
       "      <td>...</td>\n",
       "      <td>0.541352</td>\n",
       "      <td>0.528657</td>\n",
       "      <td>0.481716</td>\n",
       "      <td>0.576119</td>\n",
       "      <td>0.706971</td>\n",
       "      <td>0.532234</td>\n",
       "      <td>0.503138</td>\n",
       "      <td>0.446742</td>\n",
       "      <td>0.591083</td>\n",
       "      <td>0.475487</td>\n",
       "    </tr>\n",
       "    <tr>\n",
       "      <th>GD</th>\n",
       "      <td>0.511934</td>\n",
       "      <td>0.738944</td>\n",
       "      <td>0.665799</td>\n",
       "      <td>0.741050</td>\n",
       "      <td>0.505871</td>\n",
       "      <td>0.409045</td>\n",
       "      <td>0.608673</td>\n",
       "      <td>0.564575</td>\n",
       "      <td>0.420771</td>\n",
       "      <td>1.000000</td>\n",
       "      <td>...</td>\n",
       "      <td>0.520640</td>\n",
       "      <td>0.745062</td>\n",
       "      <td>0.741256</td>\n",
       "      <td>0.674971</td>\n",
       "      <td>0.542648</td>\n",
       "      <td>0.679936</td>\n",
       "      <td>0.389676</td>\n",
       "      <td>0.652278</td>\n",
       "      <td>0.563307</td>\n",
       "      <td>0.490479</td>\n",
       "    </tr>\n",
       "    <tr>\n",
       "      <th>GOOG</th>\n",
       "      <td>0.784125</td>\n",
       "      <td>0.564486</td>\n",
       "      <td>0.652205</td>\n",
       "      <td>0.527291</td>\n",
       "      <td>0.548063</td>\n",
       "      <td>0.605028</td>\n",
       "      <td>0.493781</td>\n",
       "      <td>0.504606</td>\n",
       "      <td>0.789907</td>\n",
       "      <td>0.495488</td>\n",
       "      <td>...</td>\n",
       "      <td>0.627203</td>\n",
       "      <td>0.560890</td>\n",
       "      <td>0.566602</td>\n",
       "      <td>0.636455</td>\n",
       "      <td>0.822795</td>\n",
       "      <td>0.609702</td>\n",
       "      <td>0.455859</td>\n",
